4.64868993407204 -74.0475712762924
4.6567202254016 -74.0575212296856
4.65819591176265 -74.0624004342012
4.67924888833859 -74.053016212357
4.66526714639464 -74.0461349338807
4.62913942848173 -74.0670691651237
4.63371087393787 -74.0577816381626
4.68104410441578 -74.0511512126567
4.65210191668248 -74.0608101028343
4.67344644927958 -74.0567535489193
4.65080932112116 -74.0535316934829
4.65881223054736 -74.0539173470937
4.66626224955429 -74.0546572859412
4.65520742893488 -74.0553898900946
4.65242492863257 -74.0562629695862